/*
This is file shows you the output of dct_8x8_demo.m in GNU Octave, which is an input matrix (X), its 8x8 DCT (DCT2(X)), and its 8x8 IDCT (IDCT2(X)). You can compare it with the output of dct8x8_demo or idct8x8_demo.
*/
Input matrix X:

 Columns 1 through 3:

   0.00000000000000E+00  -1.12676056338028E-01  -1.16788321167883E-01
  -7.29927007299270E-03   9.27835051546392E-02  -2.39436619718310E-01
  -2.81690140845070E-02  -7.29927007299270E-02   1.85567010309278E-01
   3.09278350515464E-02  -1.54929577464789E-01  -1.38686131386861E-01
  -2.91970802919708E-02   1.23711340206186E-01  -2.81690140845070E-01
  -7.04225352112676E-02  -9.48905109489051E-02   2.16494845360825E-01
   6.18556701030928E-02  -1.97183098591549E-01  -1.60583941605839E-01
  -5.10948905109489E-02   1.54639175257732E-01  -3.23943661971831E-01

 Columns 4 through 6:

   2.47422680412371E-01  -4.50704225352113E-01  -2.91970802919708E-01
  -1.82481751824818E-01   3.40206185567010E-01  -5.77464788732394E-01
  -3.66197183098592E-01  -2.48175182481752E-01   4.32989690721650E-01
   2.78350515463918E-01  -4.92957746478873E-01  -3.13868613138686E-01
  -2.04379562043796E-01   3.71134020618557E-01  -6.19718309859155E-01
  -4.08450704225352E-01  -2.70072992700730E-01   4.63917525773196E-01
   3.09278350515464E-01  -5.35211267605634E-01  -3.35766423357664E-01
  -2.26277372262774E-01   4.02061855670103E-01  -6.61971830985915E-01

 Columns 7 and 8:

   4.94845360824742E-01  -7.88732394366197E-01
  -3.57664233576642E-01   5.87628865979381E-01
  -7.04225352112676E-01  -4.23357664233577E-01
   5.25773195876289E-01  -8.30985915492958E-01
  -3.79562043795620E-01   6.18556701030928E-01
  -7.46478873239437E-01  -4.45255474452555E-01
   5.56701030927835E-01  -8.73239436619718E-01
  -4.01459854014599E-01   6.49484536082474E-01

DCT2(X):

 Columns 1 through 3:

  -8.84035456625675E-01   4.69241380942136E-01   7.41552006797837E-02
   1.38085215189300E-02   5.53562437747790E-02  -8.94780483831842E-02
   7.51575886077395E-02  -1.12168675260212E-01   1.20578345719520E-01
  -6.53196667301182E-02   7.58797231002632E-02  -1.21142547796374E-01
   1.40363628077442E-01  -2.11754651636328E-01   2.25219709879100E-01
  -2.96665322696185E-01   3.96809476124123E-01  -5.03537625639297E-01
  -1.72043357393354E-01   2.42448310773460E-01  -2.75835094383741E-01
   3.88635278099554E-02  -3.63704691055774E-02   6.40338806551919E-02

 Columns 4 through 6:

  -3.19198557148349E-02   1.25096844896605E-01   9.32785885309442E-02
   7.42801748684248E-02  -2.01285595922147E-01   2.50740876353272E-01
  -1.43615764479742E-01   2.03439903105228E-01   1.21891508132387E-01
   1.01824318509281E-01  -2.73007733828558E-01   3.44120606756781E-01
  -2.71513017319825E-01   3.80379462416761E-01   1.94329686038700E-01
   5.32878519068472E-01  -1.17758783685248E+00   1.83545001718221E+00
   3.07948176974832E-01  -4.62938036188384E-01  -4.89186857150933E-01
  -4.87881186030488E-02   1.42341355352084E-01  -1.63295076970418E-01

 Columns 7 and 8:

  -2.54251389911300E-01   7.11836285079389E-02
  -1.07874925639689E-02  -4.19269832472264E-02
  -4.13236143011272E-01   1.08921193955290E-01
  -1.77036133514929E-02  -5.74556697463687E-02
  -7.69403174232859E-01   2.04262894991829E-01
  -3.43670435653370E-01  -2.99096577366111E-01
   9.60783025911576E-01  -2.44015607166914E-01
  -3.04413105060122E-03   2.76021874414474E-02

IDCT2(X):

 Columns 1 through 3:

  -6.36973274709215E-01   6.27271215550897E-01  -2.32381261540283E-01
   2.32354979845581E-01  -2.03899770202735E-01   9.16175146026864E-02
  -1.42897119189230E-01   1.00379215558925E-01   1.29689417313683E-02
   6.18954155375879E-02  -5.69829436901391E-02   7.77600357681316E-03
  -3.39120704388278E-02  -7.83500073663787E-02   2.48126196991923E-01
  -2.72053665328683E-02  -2.07785660787346E-02  -1.27944006930824E-01
  -7.79208970784579E-02   1.47448211840992E-01  -2.12896570227647E-01
  -2.31874607496692E-02   4.97862775055422E-02  -6.65304555301497E-02

 Columns 4 through 6:

   1.47437531075210E-01  -3.13224833653008E-02   1.75693668416574E-01
  -9.38215663404052E-02   5.64039728288293E-02  -7.79231968898535E-03
  -1.02146872617593E-01   2.03194096973956E-01   1.54458746332506E-01
  -1.12788500954067E-02  -1.93120489054803E-02  -1.17158265254312E-01
  -5.12389273905365E-01   9.60501409307928E-01   2.10652744939151E-01
   3.02242253706712E-02  -1.20366866075549E+00   2.05127154067779E+00
   3.83662620024952E-01  -7.55169468914047E-01  -5.74244108599225E-02
   1.17586784765927E-01  -3.01744034724094E-01   1.90474394973887E-01

 Columns 7 and 8:

  -1.57176428642548E-01   3.17406385854441E-02
  -2.19488268861601E-02   9.27663974183923E-04
  -2.50497699028622E-01   2.16571506677369E-02
   6.41705453525938E-02   6.77040617397262E-03
  -8.38443359994457E-01   5.61970234428047E-02
  -4.07783777982094E-01  -4.07111110299312E-02
   4.54892429666735E-01  -7.01659785852798E-02
   7.38179235940559E-02  -2.95442820465689E-02
